118
0 1
0 4
0 28
0 30
0 37
1 4
1 12
1 37
1 41
2 11
2 17
2 39
2 45
3 25
3 34
4 13
4 28
4 30
4 31
5 8
5 9
5 10
5 23
5 25
5 34
6 12
6 37
6 41
6 44
7 21
7 22
7 30
7 44
8 9
8 10
8 23
8 25
8 34
9 10
9 14
9 23
10 14
10 23
11 17
11 18
11 45
12 21
12 37
12 41
13 28
13 31
13 35
15 16
15 20
15 32
15 33
15 38
16 20
16 32
16 33
16 38
17 18
17 45
18 43
18 45
19 20
19 24
19 36
20 24
21 30
21 37
22 27
22 44
22 46
23 25
24 36
25 34
26 27
26 29
26 44
26 47
27 29
27 42
27 43
27 44
27 46
27 47
27 49
28 31
28 35
29 44
29 47
31 35
31 45
32 33
32 38
32 39
32 40
32 48
33 38
33 40
33 48
34 36
35 40
36 39
37 41
38 39
38 40
38 48
39 48
42 43
42 46
42 49
43 46
43 49
44 46
44 47
46 49
